1.07131791083e-06
1.07131791083e-06
1.07131791083e-06
1.07131791083e-06
1.07131791083e-06
0.637725710869
0.853726029396
0.895050942898
0.887205958366
0.909539163113
1.0308907032
0.899592161179
0.914543747902
0.931586682796
0.893024265766
1.00536680222
0.93955552578
1.01565003395
1.11502635479
1.15307223797
0.974275648594
0.905047297478
0.944143533707
0.962225198746
0.975588023663
1.02073860168
1.11647295952
1.09569311142
1.24921250343
1.30866718292
1.29293990135
1.29877078533
1.12165772915
1.28702259064
1.23706459999
1.22474873066
1.22826600075
1.17877221107
1.05711686611
1.02366876602
1.06301403046
0.950179219246
1.06972837448
1.11050927639
1.06737852097
1.10608267784
1.10445463657
1.11213409901
0.979567229748
1.09854245186
0.95527368784
0.970033705235
0.880415201187
1.09196305275
1.09117257595
1.00513041019
0.917915999889
0.976423025131
1.024289608
0.978564023972
1.06153011322
