1.40435849971e-06
1.40435849971e-06
1.40435849971e-06
1.40435849971e-06
1.40435849971e-06
0.637725651264
0.853726089001
0.895051181316
0.887205898762
0.909539222717
1.03089129925
0.899592220783
0.91454398632
0.93158686161
0.893024206161
1.00536668301
0.939555764198
1.01564979553
1.115026474
1.15307235718
0.974275946617
0.905047297478
0.944143235683
0.96222537756
0.975587785244
1.0207388401
1.11647295952
1.09569311142
1.24921226501
1.3086669445
1.29294002056
1.29877078533
1.1216583252
1.28702282906
1.23706448078
1.22474884987
1.22826600075
1.17877209187
1.05711686611
1.02366840839
1.06301391125
0.95017939806
1.06972825527
1.11050915718
1.06737911701
1.10608315468
1.10445475578
1.11213421822
0.979567229748
1.09854352474
0.955273628235
0.970034122467
0.880415201187
1.09196269512
1.09117245674
1.00513017178
0.917915821075
0.976423144341
1.02428925037
0.978564083576
1.06153011322
